123308
70592
63894
61726
60032
57480
46450
46149
44892
35226
33138
32671
30946
30885
29716
29385
27595
26874
25689
25651
25202
24769
24692
24228
23680
23621
23293
23110
22916
22892
22855
22713
22626
22484
22222
21752
20102
20022
19645
19579
19487
19428
19293
19199
19133
19030
18823
18773
18300
18264
17526
17436
17417
17318
17168
17142
16861
16805
16798
16743
16693
16399
16285
16122
15751
15458
15166
14910
14468
14390
14209
13887
13477
13384
13337
13289
13149
13024
13020
12968
12948
12836
12682
12526
12504
12436
12284
12228
12218
11974
11901
11873
11814
11724
11693
11640
11525
11297
11294
11260
11215
11194
11185
11162
11159
11053
11012
10977
10933
10649
10638
10555
10552
10502
10425
10422
10400
10394
10366
10340
10319
10206
10190
10174
10132
10104
9984
9962
9954
9860
9793
9728
9651
9649
9627
9619
9526
9524
9515
9487
9356
9293
9108
9104
9100
9082
8976
8953
8907
8891
8864
8766
8761
8748
8733
8691
8668
8632
8630
8614
8540
8526
8515
8488
8468
8454
8439
8419
8404
8386
8379
8305
8298
8282
8214
8210
8204
8143
8107
8073
8063
7998
7993
7934
7901
7894
7881
7856
7833
7813
7703
7669
7614
7584
7573
7570
7519
7503
7498
7438
7388
7340
7314
7296
7282
7270
7251
7243
7234
7230
7220
7190
7190
7150
7063
7002
6990
6974
6924
6917
6893
6888
6861
6830
6727
6707
6693
6589
6556
6425
6420
6413
6341
6219
6195
6140
6077
6039
6031
6023
6002
5982
5943
5922
5881
5862
5847
5840
5826
5784
5776
5771
5767
5755
5740
5727
5725
5716
5709
5696
5678
5665
5664
5652
5648
5643
5641
5638
5636
5636
5618
5602
5596
5582
5571
5566
5562
5543
5531
5527
5526
5525
5520
5518
5487
5477
5473
5445
5442
5403
5375
5375
5368
5350
5334
5313
5308
5299
5282
5261
5236
5214
5210
5206
5197
5197
5190
5187
5174
5168
5163
5114
5077
5050
5040
5024
5023
5018
5001
4988
4970
4970
4960
4958
4956
4932
4930
4929
4918
4905
4877
4877
4875
4862
4857
4847
4829
4824
4813
4799
4791
4789
4784
4749
4745
4715
4712
4707
4684
4658
4625
4618
4602
4590
4584
4582
4580
4580
4574
4569
4560
4541
4537
4537
4487
4411
4328
4281
4246
4243
4181
4138
4135
4131
4092
4068
4065
4039
4036
4025
4024
4022
3994
3986
3985
3960
3951
3947
3945
3923
3919
3917
3912
3901
3901
3885
3880
3877
3874
3873
3868
3857
3854
3852
3844
3834
3829
3821
3811
3811
3796
3785
3782
3763
3762
3758
3743
3725
3719
3715
3712
3703
3686
3682
3682
3681
3674
3663
3657
3641
3639
3638
3629
3617
3614
3613
3612
3603
3600
3598
3593
3589
3587
3582
3582
3579
3572
3571
3571
3569
3563
3562
3562
3561
3552
3551
3550
3549
3547
3545
3543
3528
3526
3524
3520
3518
3512
3511
3502
3498
3489
3485
3482
3474
3471
3447
3447
3440
3439
3438
3436
3435
3434
3422
3420
3419
3417
3417
3416
3411
3410
3410
3409
3408
3407
3398
3394
3389
3386
3370
3363
3358
3346
3338
3327
3315
3307
3306
3306
3303
3299
3291
3289
3286
3284
3279
3276
3266
3260
3257
3249
3239
3238
3235
3234
3228
3226
3225
3218
3217
3215
3214
3214
3203
3197
3192
3180
3158
3155
3151
3146
3145
3141
3135
3127
3125
3116
3116
3111
3104
3103
3103
3100
3099
3099
3098
3097
3090
3084
3083
3082
3078
3075
3075
3066
3066
3065
3056
3051
3044
3044
3041
3041
3040
3035
3033
3030
3025
3025
3024
3020
3018
3012
3004
3004
3003
3002
3001
2997
2992
2988
2985
2982
2982
2980
2973
2971
2970
2969
2965
2957
2946
2941
2941
2928
2920
2908
2906
2901
2901
2899
2896
2893
2883
2881
2879
2875
2875
2871
2866
2859
2858
2857
2855
2854
2845
2845
2844
2842
2837
2834
2830
2830
2823
2817
2817
2814
2814
2813
2811
2791
2785
2782
2777
2774
2774
2770
2766
2765
2755
2754
2752
2750
2748
2747
2745
2744
2742
2739
2738
2737
2736
2732
2730
2729
2728
2725
2721
2719
2718
2712
2710
2706
2703
2699
2697
2687
2687
2686
2683
2681
2676
2676
2676
2675
2674
2673
2673
2672
2669
2665
2663
2659
2659
2659
2654
2652
2652
2649
2649
2648
2647
2646
2645
2644
2642
2641
2641
2638
2636
2632
2630
2626
2625
2619
2616
2609
2608
2605
2603
2599
2596
2595
2592
2590
2586
2572
2571
2569
2569
2565
2564
2564
2563
2563
2562
2562
2558
2556
2552
2550
2545
2541
2539
2536
2534
2531
2531
2518
2517
2517
2517
2517
2515
2514
2514
2514
2513
2512
2512
2510
2510
2507
2507
2503
2501
2498
2493
2493
2492
2492
2489
2488
2484
2484
2482
2481
2480
2480
2480
2476
2475
2475
2474
2473
2471
2470
2469
2468
2468
2466
2465
2462
2462
2462
2459
2452
2449
2447
2447
2439
2436
2435
2427
2426
2425
2419
2417
2414
2412
2409
2406
2404
2404
2400
2397
2392
2392
2390
2389
2389
2382
2381
2379
2378
2377
2375
2370
2370
2369
2369
2365
2365
2359
2358
2357
2334
2323
2321
2315
2314
2311
2310
2307
2304
2293
2288
2281
2281
2278
2267
2262
2254
2233
2230
2228
2223
2221
2219
2210
2208
2208
2208
2204
2200
2199
2196
2194
2193
2193
2192
2190
2190
2190
2190
2189
2187
2187
2185
2184
2182
2181
2180
2179
2173
2170
2168
2167
2166
2166
2165
2165
2164
2161
2160
2160
2160
2158
2158
2152
2145
2140
2137
2136
2136
2136
2134
2130
2130
2130
2127
2125
2123
2123
2122
2122
2121
2119
2117
2117
2116
2114
2110
2102
2101
2099
2096
2095
2094
2094
2093
2092
2091
2087
2084
2084
2084
2083
2081
2079
2078
2076
2072
2071
2068
2068
2065
2063
2062
2058
2058
2054
2054
2054
2054
2052
2052
2051
2049
2049
2046
2041
2035
2034
2029
2025
2024
2023
2023
2019
2016
2014
1943
1943
1942
1940
1931
1930
1930
1929
1925
1924
1921
1919
1918
1916
1913
1913
1908
1905
1905
1902
1901
1901
1898
1892
1892
1888
1881
1880
1880
1814
1813
1806
1801
1801
1797
1797
1796
1795
1794
1791
1789
1788
1785
1782
1780
1779
1779
1778
1778
1778
1777
1775
1775
1774
1774
1774
1772
1772
1769
1768
1768
1768
1765
1765
1765
1763
1763
1762
1762
1761
1758
1758
1754
1752
1750
1749
1748
1745
1743
1741
1730
1729
1728
1727
1727
1725
1725
1721
1718
1718
1716
1714
1713
1710
1710
1709
1703
1703
1703
1701
1699
1698
1698
1697
1697
1696
1695
1694
1694
1687
1687
1686
1685
1685
1684
1683
1683
1682
1682
1681
1680
1678
1676
1676
1674
1674
1674
1674
1673
1673
1673
1673
1672
1670
1670
1669
1668
1667
1666
1666
1666
1665
1665
1661
1660
1660
1660
1658
1658
1658
1657
1657
1656
1655
1655
1655
1654
1652
1651
1651
1650
1650
1649
1649
1648
1647
1647
1646
1646
1644
1644
1643
1641
1641
1640
1639
1638
1638
1637
1637
1635
1628
1627
1626
1622
1621
1619
1611
1608
1604
1602
1601
1600
1595
1589
1588
1586
1586
1584
1583
1583
1580
1578
1578
1577
1577
1577
1576
1575
1575
1574
1573
1573
1573
1571
1570
1566
1565
1565
1565
1564
1563
1562
1562
1561
1560
1560
1559
1558
1557
1557
1552
1551
1550
1550
1549
1549
1547
1546
1544
1544
1543
1541
1540
1537
1536
1534
1532
1528
1528
1527
1526
1524
1523
1523
1522
1521
1518
1517
1516
1516
1515
1508
1506
1506
1506
1505
1505
1504
1502
1501
1497
1495
1495
1485
1484
1483
1482
1482
1482
1475
1475
1475
1474
1470
1469
1463
1458
1458
1457
1446
1443
1440
1440
1439
1439
1437
1437
1434
1431
1431
1431
1430
1427
1427
1421
1416
1414
1413
1411
1409
1407
1405
1404
1404
1401
1398
1398
1396
1371
1362
1351
1332
1330
1330
1330
1329
1328
1322
1320
1320
1319
1317
1317
1317
1316
1314
1313
1313
1311
1307
1306
1305
1305
1304
1301
1300
1299
1299
1297
1296
1294
1293
1287
1285
1283
1283
1283
1283
1282
1281
1280
1279
1278
1277
1277
1277
1276
1276
1275
1274
1273
1273
1273
1272
1271
1270
1265
1264
1252
1242
1239
1239
1237
1237
1236
1236
1233
1233
1231
1229
1226
1225
1224
1223
1221
1221
1215
1215
1214
1214
1214
1212
1211
1210
1210
1209
1209
1207
1190
1189
1175
1171
1170
1170
1169
1166
1162
1162
1154
1153
1152
1152
1150
1150
1150
1149
1149
1149
1148
1147
1147
1147
1141
1139
1139
1138
1138
1134
881
863
851
851
851
850
849
846
844
843
842
841
841
840
839
838
837
834
833
829
829
827
827
827
826
826
825
825
825
816
816
812
812
804
803
803
802
801
801
800
799
799
798
798
797
797
795
794
792
792
792
792
789
789
789
789
787
787
787
787
787
785
785
785
784
784
783
783
783
783
782
782
781
781
781
780
780
780
779
779
779
778
778
778
776
774
773
773
772
768
