196519
184078
138516
130420
119857
110836
71684
65281
64633
56341
55450
54589
53487
53429
50440
47635
46277
44906
44217
43759
42478
41572
41385
41136
38289
38018
35211
34888
34267
34221
33802
33687
33241
33195
33074
32614
31252
31104
31033
29430
29376
29004
28760
28111
27901
27539
26949
26481
26364
26171
25625
25196
24015
23766
23198
23036
22748
22406
22238
22220
22046
22020
21837
21246
21113
20945
20942
20651
19774
19479
19215
19085
19084
18828
18737
18613
18547
18516
18158
17922
17908
17754
17672
17585
17523
17402
17248
16655
16377
16314
16308
16281
16179
16102
16091
15931
15652
15512
15388
15203
15056
15054
14971
14964
14826
14811
14739
14674
14561
14297
13934
13838
13703
13644
13564
13519
13469
13380
13320
13307
13272
13271
13013
12598
12598
12578
12559
12557
12543
12525
12518
12503
12503
12371
12333
12258
12257
12223
12208
12070
12059
11996
11992
11974
11942
11863
11814
11725
11707
11675
11643
11521
11428
11313
11300
11204
11136
11078
11054
11046
11015
10977
10895
10821
10819
10818
10817
10747
10722
10689
10670
10578
10485
10478
10456
10445
10441
10423
10421
10412
10403
10281
10202
10172
10167
10082
10074
10030
10000
9981
9921
9880
9877
9801
9760
9714
9695
9609
9585
9584
9577
9561
9472
9446
9300
8398
8380
8360
8358
8339
8302
8292
8291
8284
8232
8230
8214
8191
8083
8058
8046
8039
8000
7991
7946
7918
7906
7875
7852
7792
7780
7763
7749
7711
7706
7692
7688
7686
7656
7633
7632
7583
7543
7482
7466
7458
7409
7355
7344
7339
7324
7321
7314
6947
6939
6899
6896
6883
6880
6863
6859
6857
6843
6841
6807
6798
6773
6761
6748
6741
6725
6715
6695
6693
6678
6674
6654
6645
6621
6614
6588
6580
6560
6544
6542
6510
6479
6442
6386
6384
6381
6377
6370
6364
6357
6343
6336
6328
6327
6327
6307
6302
6297
6292
6213
6210
6200
6192
6183
6166
6161
6139
6122
6122
6106
6096
6096
6090
6083
6075
6071
6065
6059
6048
6030
6029
6010
6009
6001
5996
5990
5986
5978
5970
5970
5967
5964
5955
5951
5936
5934
5920
5897
5891
5881
5850
5844
5841
5837
5830
5800
5799
5797
5788
5787
5776
5774
5773
5773
5773
5768
5758
5758
5737
5734
5713
5706
5698
5691
5690
5679
5633
5588
5551
5528
5527
5512
5491
5480
5420
5417
5414
5411
5404
5392
5381
5360
5351
5323
5322
5316
5300
5287
5285
5281
5280
5275
5256
5247
5244
5241
5240
5237
5234
5233
5230
5225
5224
5221
5215
5213
5205
5180
5177
5164
5161
5148
5146
5140
5140
5136
5135
5130
5124
5116
5107
5103
5075
5073
5062
5053
5047
5045
5031
5029
5023
5022
5021
5015
5012
5009
4998
4997
4978
4970
4959
4954
4953
4951
4939
4935
4887
4880
4879
4857
4856
4851
4849
4844
4840
4817
4812
4805
4796
4747
4746
4738
4732
4730
4720
4702
4686
4676
4676
4652
4651
4644
4635
4635
4631
4629
4626
4625
4623
4615
4610
4610
4605
4595
4593
4581
4577
4546
4534
4530
4512
4507
4500
4485
4462
4449
4443
4436
4420
4414
4406
4405
4405
4400
4393
4391
4383
4382
4382
4370
4369
4365
4350
4348
4347
4342
4340
4336
4330
4324
4314
4305
4300
4300
4297
4296
4291
4287
4277
4277
4275
4274
4272
4271
4263
4260
4259
4257
4257
4253
4252
4249
4246
4236
4235
4233
4225
4225
4224
4223
4213
4207
4201
4193
4191
4175
4173
4168
4156
4153
4143
4126
4125
4114
4107
4103
4097
4093
4090
4089
4088
4080
4063
4059
4057
4055
4055
4053
4052
4048
4046
4043
4008
3982
3964
3952
3951
3917
3915
3913
3908
3899
3898
3895
3883
3882
3882
3877
3876
3873
3859
3853
3851
3850
3840
3837
3835
3834
3833
3832
3828
3824
3820
3817
3812
3808
3797
3795
3793
3792
3790
3781
3781
3779
3776
3772
3765
3760
3749
3744
3735
3710
3695
3694
3692
3681
3672
3665
3664
3663
3660
3660
3660
3659
3659
3653
3649
3648
3645
3643
3643
3630
3630
3621
3620
3620
3617
3616
3615
3611
3608
3606
3602
3590
3588
3582
3577
3577
3576
3576
3573
3571
3569
3560
3538
3532
3531
3529
3527
3526
3522
3518
3514
3509
3508
3508
3508
3502
3500
3497
3495
3494
3488
3484
3476
3460
3451
3451
3449
3446
3445
3442
3442
3442
3439
3435
3431
3430
3429
3426
3420
3418
3417
3416
3416
3402
3402
3393
3389
3382
3380
3377
3366
3362
3351
3349
3346
3345
3344
3342
3340
3339
3338
3333
3324
3323
3321
3315
3314
3313
3309
3309
3308
3300
3300
3297
3294
3292
3291
3289
3286
3285
3285
3283
3272
3272
3271
3271
3265
3258
3258
3257
3252
3250
3243
3242
3242
3238
3238
3237
3237
3235
3233
3231
3230
3228
3226
3220
3219
3219
3218
3218
3213
3204
3203
3203
3199
3197
3195
3195
3194
3192
3190
3190
3188
3186
3184
3184
3182
3180
3171
3171
3168
3168
3167
3167
3167
3166
3159
3157
3154
3151
3149
3146
3146
3144
3144
3140
3138
3135
3133
3130
3130
3110
3109
3109
3108
3035
3016
3012
2999
2982
2982
2980
2978
2974
2967
2966
2965
2963
2963
2962
2959
2953
2953
2953
2951
2950
2948
2945
2941
2938
2938
2935
2932
2931
2930
2930
2885
2882
2877
2873
2871
2870
2870
2854
2851
2850
2849
2846
2845
2843
2841
2840
2840
2837
2837
2836
2836
2834
2832
2829
2829
2829
2829
2825
2825
2825
2822
2816
2816
2815
2814
2814
2813
2812
2811
2810
2808
2801
2800
2796
2791
2787
2783
2781
2774
2773
2769
2767
2766
2766
2763
2760
2760
2758
2758
2757
2755
2754
2752
2751
2750
2742
2741
2739
2735
2731
2728
2724
2724
2721
2720
2717
2716
2713
2712
2709
2708
2707
2707
2703
2702
2698
2698
2697
2695
2695
2692
2692
2689
2687
2685
2684
2682
2678
2673
2670
2669
2666
2663
2663
2661
2661
2660
2651
2650
2645
2634
2634
2633
2633
2629
2627
2625
2625
2625
2621
2617
2614
2611
2602
2595
2594
2589
2589
2587
2587
2586
2583
2581
2581
2581
2575
2574
2573
2572
2564
2563
2563
2562
2561
2561
2558
2558
2555
2554
2553
2545
2543
2542
2541
2539
2539
2537
2537
2536
2532
2528
2511
2510
2508
2507
2502
2500
2499
2497
2492
2487
2486
2482
2475
2475
2471
2471
2471
2470
2469
2465
2463
2462
2457
2456
2455
2453
2449
2449
2444
2439
2437
2434
2430
2424
2420
2420
2419
2417
2410
2407
2404
2403
2399
2399
2399
2399
2393
2390
2389
2388
2388
2387
2381
2378
2369
2368
2368
2366
2363
2362
2361
2350
2346
2344
2343
2288
2269
2253
2249
2237
2230
2230
2222
2222
2218
2216
2212
2208
2205
2204
2204
2204
2201
2193
2190
2190
2188
2188
2186
2185
2184
2183
2183
2182
2179
2176
2173
2171
2169
2168
2166
2165
2165
2161
2161
2159
2158
2158
2155
2154
2154
2152
2151
2147
2146
2144
2143
2139
2139
2137
2133
2133
2131
2130
2129
2126
2125
2125
2121
2118
2116
2112
2111
2110
2106
2104
2103
2101
2100
2099
2099
2099
2095
2094
2091
2088
2088
2081
2080
2078
2064
2058
2053
2047
2045
2044
2038
2037
2035
2031
2029
2029
2028
2028
2024
2024
2023
2021
2019
2012
2011
2008
2008
2005
2001
1998
1995
1994
1994
1991
1989
1988
1987
1984
1982
1982
1981
1978
1975
1972
1971
1970
1967
1967
1966
1958
1958
1955
1954
1952
1952
1949
1947
1942
1940
1940
1936
1936
1932
1931
1930
1929
1928
1928
1927
1923
1923
1922
1922
1920
1920
1918
1918
1916
1916
1914
1910
1909
1909
1908
1907
1907
1905
1905
1899
1897
1896
1891
1890
1886
1881
1880
1879
1879
1878
1876
1874
1873
1868
1866
1865
1858
1857
1857
1855
1850
1850
1848
1847
1841
1838
1834
1832
1832
1832
1830
1830
1830
1829
1826
1826
1826
1825
1825
1823
1822
1821
1819
1818
1815
1814
1813
1811
1810
1810
1808
1807
1807
1803
1799
1795
1792
1789
1789
1786
1785
1784
1783
1783
1782
1779
1778
1775
1772
1772
1749
1731
1727
1723
1719
1719
1718
1716
1716
1716
1716
1715
1710
1707
1699
1693
1690
1686
1682
1678
1677
1672
1651
1651
1649
1646
1646
1643
1639
1638
1609
1599
1580
1579
1575
1573
1572
1569
1569
1568
1568
1566
1561
1561
1559
1556
1556
1555
1554
1552
1550
1549
1549
1548
1548
1547
1543
1543
1542
1542
1541
1541
1539
1536
1535
1532
1532
1529
1525
1524
1523
1521
1514
1512
1507
1507
1506
1503
1503
1500
1497
1496
1495
1493
1490
1489
1487
1446
1435
1431
1428
1426
1420
1418
1417
1416
1414
1410
1406
1406
1402
1401
1400
1398
1397
1397
1389
1387
1385
1385
1384
1376
1376
1376
1375
1375
1374
1364
1337
1329
1327
1327
1325
1321
1321
1313
1313
1310
1306
1303
1292
1292
1290
1289
1288
1288
1288
1287
1284
1280
1280
1277
1239
1236
1219
1200
1198
1185
1180
1166
1163
1161
1160
1159
1158
1156
1155
1154
1154
1153
1152
1149
1148
1148
1148
1148
1148
1143
1142
1135
1135
1134
